1321
1115
1157
1183
1191
1225
1247
1151
1274
1319
1273
1351
1300
1361
1367
1479
1658
1491
1275
1343
1429
1915
1139
1429
1381
1357
1368
1391
1453
1451
1447
1515
1590
1620
1623
1594
1423
1310
1203
1205
1269
1273
1241
1205
1279
1179
1115
1159
1207
1233
1175
1165
1229
1203
1175
1203
1273
1202
1197
1208
1339
1460
1467
1241
1181
1243
1433
1843
1107
1309
1269
1262
1319
1324
1334
1383
1407
1495
1565
1585
1637
1623
1387
1305
1332
1362
1327
1309
1354
1333
1309
1243
1304
1351
1319
1274
1295
1381
1337
1323
1349
1391
1342
1349
1372
1378
1333
1373
1529
1741
1493
1299
1295
1369
1885
1131
1418
1438
1431
1448
1542
1596
1563
1555
1587
1683
1719
1752
1757
1627
1499
1363
1435
1463
1463
1400
1495
1482
1396
1374
1371
1347
1315
1309
1386
1381
1381
1361
1399
1384
1384
1369
1392
1417
1395
1383
1427
1467
1593
1639
1435
1327
1325
1273
1895
1007
1327
1289
1305
1311
1309
1337
1464
1501
1550
1579
1647
1719
1689
1547
1471
1443
1494
1487
1469
1445
1469
1343
1364
1479
1399
1303
1304
1341
1403
1351
1389
1373
1369
1305
1363
1379
1365
1355
1402
1432
1389
1363
1421
1529
1581
1327
1259
1289
1335
1983
1003
1405
1325
1355
1381
1422
1427
1499
1481
1576
1634
1657
1693
1700
1503
1381
1359
1429
1363
1374
1381
1414
1431
1382
1359
1397
1447
1341
1385
1447
1417
1384
1392
1485
1437
1415
1433
1497
1500
1437
1465
1499
1499
1592
1703
1707
1466
1381
1405
1885
1497
1495
1455
1503
1487
1467
1513
1619
1674
1593
1707
1779
1865
1839
1710
1591
1544
1468
1437
1499
1494
1449
1431
1528
1496
1432
1387
1417
1443
1437
1381
1272
1193
1191
1239
1295
1303
1305
1413
1463
1547
1523
1559
1740
1939
1789
1508
1541
1555
1971
1461
1575
1519
1541
